
Testing thresholds for node: clab-nebula-serf1
----------------------------------------------------------------------------------------
Threshold (ms)  | Ground Truth | Nodes Found  | Precision | Recall   | Jaccard | FP | FN
----------------------------------------------------------------------------------------
5               | 0            | 0            | 1.0000    | 1.0000   | 1.0000  |  0 |  0
9               | 4            | 4            | 0.7500    | 0.7500   | 0.6000  |  1 |  1
10              | 6            | 4            | 1.0000    | 0.6667   | 0.6667  |  0 |  2
15              | 12           | 10           | 1.0000    | 0.8333   | 0.8333  |  0 |  2
20              | 19           | 15           | 1.0000    | 0.7895   | 0.7895  |  0 |  4
25              | 37           | 25           | 1.0000    | 0.6757   | 0.6757  |  0 | 12
30              | 74           | 74           | 0.8108    | 0.8108   | 0.6818  | 14 | 14
35              | 91           | 74           | 0.9595    | 0.7802   | 0.7553  |  3 | 20
40              | 107          | 95           | 0.9579    | 0.8505   | 0.8198  |  4 | 16
45              | 117          | 95           | 0.9789    | 0.7949   | 0.7815  |  2 | 24
50              | 121          | 95           | 0.9895    | 0.7769   | 0.7705  |  1 | 27
55              | 133          | 103          | 1.0000    | 0.7744   | 0.7744  |  0 | 30
60              | 153          | 104          | 1.0000    | 0.6797   | 0.6797  |  0 | 49

Testing thresholds for node: clab-nebula-serf5
----------------------------------------------------------------------------------------
Threshold (ms)  | Ground Truth | Nodes Found  | Precision | Recall   | Jaccard | FP | FN
----------------------------------------------------------------------------------------
5               | 0            | 0            | 1.0000    | 1.0000   | 1.0000  |  0 |  0
9               | 2            | 0            | nan       | 0.0000   | 0.0000  |  0 |  2
10              | 3            | 1            | 1.0000    | 0.3333   | 0.3333  |  0 |  2
15              | 7            | 6            | 1.0000    | 0.8571   | 0.8571  |  0 |  1
20              | 14           | 10           | 1.0000    | 0.7143   | 0.7143  |  0 |  4
25              | 19           | 16           | 1.0000    | 0.8421   | 0.8421  |  0 |  3
30              | 46           | 65           | 0.6154    | 0.8696   | 0.5634  | 25 |  6
35              | 80           | 72           | 0.8611    | 0.7750   | 0.6889  | 10 | 18
40              | 92           | 72           | 0.9583    | 0.7500   | 0.7263  |  3 | 23
45              | 108          | 86           | 0.9884    | 0.7870   | 0.7798  |  1 | 23
50              | 118          | 86           | 0.9884    | 0.7203   | 0.7143  |  1 | 33
55              | 121          | 86           | 0.9884    | 0.7025   | 0.6967  |  1 | 36
60              | 143          | 98           | 1.0000    | 0.6853   | 0.6853  |  0 | 45

Testing thresholds for node: clab-nebula-serf10
----------------------------------------------------------------------------------------
Threshold (ms)  | Ground Truth | Nodes Found  | Precision | Recall   | Jaccard | FP | FN
----------------------------------------------------------------------------------------
5               | 1            | 0            | nan       | 0.0000   | 0.0000  |  0 |  1
9               | 8            | 6            | 0.8333    | 0.6250   | 0.5556  |  1 |  3
10              | 9            | 6            | 0.8333    | 0.5556   | 0.5000  |  1 |  4
15              | 20           | 19           | 0.8947    | 0.8500   | 0.7727  |  2 |  3
20              | 40           | 37           | 0.7838    | 0.7250   | 0.6042  |  8 | 11
25              | 71           | 37           | 0.9459    | 0.4930   | 0.4795  |  2 | 36
30              | 88           | 91           | 0.8901    | 0.9205   | 0.8265  | 10 |  7
35              | 103          | 91           | 0.9780    | 0.8641   | 0.8476  |  2 | 14
40              | 120          | 107          | 0.9813    | 0.8750   | 0.8607  |  2 | 15
45              | 121          | 107          | 0.9907    | 0.8760   | 0.8689  |  1 | 15
50              | 129          | 109          | 1.0000    | 0.8450   | 0.8450  |  0 | 20
55              | 153          | 109          | 1.0000    | 0.7124   | 0.7124  |  0 | 44
60              | 156          | 118          | 1.0000    | 0.7564   | 0.7564  |  0 | 38

Testing thresholds for node: clab-nebula-serf15
----------------------------------------------------------------------------------------
Threshold (ms)  | Ground Truth | Nodes Found  | Precision | Recall   | Jaccard | FP | FN
----------------------------------------------------------------------------------------
5               | 1            | 0            | nan       | 0.0000   | 0.0000  |  0 |  1
9               | 10           | 10           | 0.8000    | 0.8000   | 0.6667  |  2 |  2
10              | 14           | 10           | 0.9000    | 0.6429   | 0.6000  |  1 |  5
15              | 32           | 44           | 0.5909    | 0.8125   | 0.5200  | 18 |  6
20              | 68           | 77           | 0.7922    | 0.8971   | 0.7262  | 16 |  7
25              | 88           | 97           | 0.8557    | 0.9432   | 0.8137  | 14 |  5
30              | 100          | 97           | 0.9588    | 0.9300   | 0.8942  |  4 |  7
35              | 117          | 104          | 0.9808    | 0.8718   | 0.8571  |  2 | 15
40              | 121          | 116          | 0.9483    | 0.9091   | 0.8661  |  6 | 11
45              | 124          | 116          | 0.9569    | 0.8952   | 0.8605  |  5 | 13
50              | 151          | 123          | 1.0000    | 0.8146   | 0.8146  |  0 | 28
55              | 154          | 123          | 1.0000    | 0.7987   | 0.7987  |  0 | 31
60              | 158          | 156          | 1.0000    | 0.9873   | 0.9873  |  0 |  2

Testing thresholds for node: clab-nebula-serf20
----------------------------------------------------------------------------------------
Threshold (ms)  | Ground Truth | Nodes Found  | Precision | Recall   | Jaccard | FP | FN
----------------------------------------------------------------------------------------
5               | 2            | 0            | nan       | 0.0000   | 0.0000  |  0 |  2
9               | 4            | 2            | 1.0000    | 0.5000   | 0.5000  |  0 |  2
10              | 4            | 2            | 1.0000    | 0.5000   | 0.5000  |  0 |  2
15              | 15           | 12           | 0.9167    | 0.7333   | 0.6875  |  1 |  4
20              | 26           | 26           | 0.8462    | 0.8462   | 0.7333  |  4 |  4
25              | 46           | 31           | 0.9677    | 0.6522   | 0.6383  |  1 | 16
30              | 80           | 62           | 0.9516    | 0.7375   | 0.7108  |  3 | 21
35              | 93           | 73           | 0.9863    | 0.7742   | 0.7660  |  1 | 21
40              | 102          | 73           | 0.9863    | 0.7059   | 0.6990  |  1 | 30
45              | 118          | 94           | 0.9787    | 0.7797   | 0.7667  |  2 | 26
50              | 124          | 100          | 1.0000    | 0.8065   | 0.8065  |  0 | 24
55              | 129          | 100          | 1.0000    | 0.7752   | 0.7752  |  0 | 29
60              | 154          | 104          | 1.0000    | 0.6753   | 0.6753  |  0 | 50

Testing thresholds for node: clab-nebula-serf25
----------------------------------------------------------------------------------------
Threshold (ms)  | Ground Truth | Nodes Found  | Precision | Recall   | Jaccard | FP | FN
----------------------------------------------------------------------------------------
5               | 0            | 0            | 1.0000    | 1.0000   | 1.0000  |  0 |  0
9               | 4            | 7            | 0.4286    | 0.7500   | 0.3750  |  4 |  1
10              | 4            | 7            | 0.4286    | 0.7500   | 0.3750  |  4 |  1
15              | 12           | 15           | 0.6000    | 0.7500   | 0.5000  |  6 |  3
20              | 28           | 28           | 0.7857    | 0.7857   | 0.6471  |  6 |  6
25              | 44           | 43           | 0.9302    | 0.9091   | 0.8511  |  3 |  4
30              | 81           | 75           | 0.9600    | 0.8889   | 0.8571  |  3 |  9
35              | 93           | 77           | 0.9740    | 0.8065   | 0.7895  |  2 | 18
40              | 102          | 77           | 0.9870    | 0.7451   | 0.7379  |  1 | 26
45              | 119          | 102          | 0.9706    | 0.8319   | 0.8115  |  3 | 20
50              | 124          | 102          | 1.0000    | 0.8226   | 0.8226  |  0 | 22
55              | 127          | 102          | 1.0000    | 0.8031   | 0.8031  |  0 | 25
60              | 154          | 106          | 1.0000    | 0.6883   | 0.6883  |  0 | 48

Testing thresholds for node: clab-nebula-serf30
----------------------------------------------------------------------------------------
Threshold (ms)  | Ground Truth | Nodes Found  | Precision | Recall   | Jaccard | FP | FN
----------------------------------------------------------------------------------------
5               | 1            | 0            | nan       | 0.0000   | 0.0000  |  0 |  1
9               | 8            | 10           | 0.5000    | 0.6250   | 0.3846  |  5 |  3
10              | 13           | 15           | 0.6667    | 0.7692   | 0.5556  |  5 |  3
15              | 28           | 27           | 0.7778    | 0.7500   | 0.6176  |  6 |  7
20              | 45           | 46           | 0.9130    | 0.9333   | 0.8571  |  4 |  3
25              | 81           | 73           | 0.9589    | 0.8642   | 0.8333  |  3 | 11
30              | 93           | 78           | 0.9744    | 0.8172   | 0.8000  |  2 | 17
35              | 102          | 78           | 0.9872    | 0.7549   | 0.7476  |  1 | 25
40              | 119          | 102          | 0.9706    | 0.8319   | 0.8115  |  3 | 20
45              | 124          | 102          | 1.0000    | 0.8226   | 0.8226  |  0 | 22
50              | 128          | 102          | 1.0000    | 0.7969   | 0.7969  |  0 | 26
55              | 154          | 105          | 1.0000    | 0.6818   | 0.6818  |  0 | 49
60              | 154          | 105          | 1.0000    | 0.6818   | 0.6818  |  0 | 49

Testing thresholds for node: clab-nebula-serf35
----------------------------------------------------------------------------------------
Threshold (ms)  | Ground Truth | Nodes Found  | Precision | Recall   | Jaccard | FP | FN
----------------------------------------------------------------------------------------
5               | 0            | 0            | 1.0000    | 1.0000   | 1.0000  |  0 |  0
9               | 0            | 0            | 1.0000    | 1.0000   | 1.0000  |  0 |  0
10              | 1            | 1            | 0.0000    | 0.0000   | 0.0000  |  1 |  1
15              | 7            | 22           | 0.2273    | 0.7143   | 0.2083  | 17 |  2
20              | 26           | 22           | 0.6818    | 0.5769   | 0.4545  |  7 | 11
25              | 63           | 40           | 0.9500    | 0.6032   | 0.5846  |  2 | 25
30              | 85           | 76           | 0.9868    | 0.8824   | 0.8721  |  1 | 10
35              | 95           | 93           | 0.9247    | 0.9053   | 0.8431  |  7 |  9
40              | 111          | 93           | 0.9677    | 0.8108   | 0.7895  |  3 | 21
45              | 121          | 108          | 0.9815    | 0.8760   | 0.8618  |  2 | 15
50              | 124          | 108          | 0.9907    | 0.8629   | 0.8560  |  1 | 17
55              | 145          | 121          | 0.9587    | 0.8000   | 0.7733  |  5 | 29
60              | 154          | 123          | 1.0000    | 0.7987   | 0.7987  |  0 | 31

Testing thresholds for node: clab-nebula-serf40
----------------------------------------------------------------------------------------
Threshold (ms)  | Ground Truth | Nodes Found  | Precision | Recall   | Jaccard | FP | FN
----------------------------------------------------------------------------------------
5               | 0            | 0            | 1.0000    | 1.0000   | 1.0000  |  0 |  0
9               | 0            | 0            | 1.0000    | 1.0000   | 1.0000  |  0 |  0
10              | 1            | 0            | nan       | 0.0000   | 0.0000  |  0 |  1
15              | 11           | 13           | 0.6154    | 0.7273   | 0.5000  |  5 |  3
20              | 35           | 32           | 0.6875    | 0.6286   | 0.4889  | 10 | 13
25              | 71           | 40           | 0.9000    | 0.5070   | 0.4800  |  4 | 35
30              | 87           | 90           | 0.9111    | 0.9425   | 0.8632  |  8 |  5
35              | 98           | 91           | 0.9560    | 0.8878   | 0.8529  |  4 | 11
40              | 118          | 99           | 0.9798    | 0.8220   | 0.8083  |  2 | 21
45              | 122          | 115          | 0.9478    | 0.8934   | 0.8516  |  6 | 13
50              | 126          | 115          | 0.9565    | 0.8730   | 0.8397  |  5 | 16
55              | 153          | 129          | 0.9922    | 0.8366   | 0.8312  |  1 | 25
60              | 154          | 129          | 1.0000    | 0.8377   | 0.8377  |  0 | 25

Testing thresholds for node: clab-nebula-serf45
----------------------------------------------------------------------------------------
Threshold (ms)  | Ground Truth | Nodes Found  | Precision | Recall   | Jaccard | FP | FN
----------------------------------------------------------------------------------------
5               | 2            | 1            | 0.0000    | 0.0000   | 0.0000  |  1 |  2
9               | 7            | 8            | 0.6250    | 0.7143   | 0.5000  |  3 |  2
10              | 8            | 8            | 0.7500    | 0.7500   | 0.6000  |  2 |  2
15              | 22           | 20           | 0.6500    | 0.5909   | 0.4483  |  7 |  9
20              | 40           | 40           | 0.8750    | 0.8750   | 0.7778  |  5 |  5
25              | 80           | 49           | 0.9796    | 0.6000   | 0.5926  |  1 | 32
30              | 90           | 94           | 0.8830    | 0.9222   | 0.8218  | 11 |  7
35              | 118          | 100          | 0.9600    | 0.8136   | 0.7869  |  4 | 22
40              | 121          | 100          | 0.9900    | 0.8182   | 0.8115  |  1 | 22
45              | 124          | 100          | 1.0000    | 0.8065   | 0.8065  |  0 | 24
50              | 145          | 109          | 1.0000    | 0.7517   | 0.7517  |  0 | 36
55              | 154          | 109          | 1.0000    | 0.7078   | 0.7078  |  0 | 45
60              | 155          | 127          | 1.0000    | 0.8194   | 0.8194  |  0 | 28

Testing thresholds for node: clab-nebula-serf50
----------------------------------------------------------------------------------------
Threshold (ms)  | Ground Truth | Nodes Found  | Precision | Recall   | Jaccard | FP | FN
----------------------------------------------------------------------------------------
5               | 3            | 4            | 0.2500    | 0.3333   | 0.1667  |  3 |  2
9               | 5            | 4            | 0.5000    | 0.4000   | 0.2857  |  2 |  3
10              | 8            | 10           | 0.6000    | 0.7500   | 0.5000  |  4 |  2
15              | 23           | 15           | 0.6667    | 0.4348   | 0.3571  |  5 | 13
20              | 41           | 40           | 0.8500    | 0.8293   | 0.7234  |  6 |  7
25              | 81           | 47           | 0.9787    | 0.5679   | 0.5610  |  1 | 35
30              | 93           | 95           | 0.9053    | 0.9247   | 0.8431  |  9 |  7
35              | 118          | 100          | 0.9600    | 0.8136   | 0.7869  |  4 | 22
40              | 122          | 100          | 0.9900    | 0.8115   | 0.8049  |  1 | 23
45              | 125          | 100          | 1.0000    | 0.8000   | 0.8000  |  0 | 25
50              | 153          | 111          | 1.0000    | 0.7255   | 0.7255  |  0 | 42
55              | 154          | 111          | 1.0000    | 0.7208   | 0.7208  |  0 | 43
60              | 156          | 130          | 1.0000    | 0.8333   | 0.8333  |  0 | 26

Testing thresholds for node: clab-nebula-serf55
----------------------------------------------------------------------------------------
Threshold (ms)  | Ground Truth | Nodes Found  | Precision | Recall   | Jaccard | FP | FN
----------------------------------------------------------------------------------------
5               | 0            | 0            | 1.0000    | 1.0000   | 1.0000  |  0 |  0
9               | 6            | 7            | 0.4286    | 0.5000   | 0.3000  |  4 |  3
10              | 9            | 7            | 0.7143    | 0.5556   | 0.4545  |  2 |  4
15              | 23           | 24           | 0.6667    | 0.6957   | 0.5161  |  8 |  7
20              | 64           | 65           | 0.8462    | 0.8594   | 0.7432  | 10 |  9
25              | 83           | 95           | 0.8421    | 0.9639   | 0.8163  | 15 |  3
30              | 96           | 95           | 0.9263    | 0.9167   | 0.8544  |  7 |  8
35              | 119          | 106          | 0.9811    | 0.8739   | 0.8595  |  2 | 15
40              | 121          | 123          | 0.8943    | 0.9091   | 0.8209  | 13 | 11
45              | 126          | 123          | 0.9106    | 0.8889   | 0.8175  | 11 | 14
50              | 153          | 125          | 1.0000    | 0.8170   | 0.8170  |  0 | 28
55              | 154          | 125          | 1.0000    | 0.8117   | 0.8117  |  0 | 29
60              | 157          | 137          | 1.0000    | 0.8726   | 0.8726  |  0 | 20

Testing thresholds for node: clab-nebula-serf60
----------------------------------------------------------------------------------------
Threshold (ms)  | Ground Truth | Nodes Found  | Precision | Recall   | Jaccard | FP | FN
----------------------------------------------------------------------------------------
5               | 4            | 4            | 0.5000    | 0.5000   | 0.3333  |  2 |  2
9               | 6            | 4            | 0.7500    | 0.5000   | 0.4286  |  1 |  3
10              | 10           | 12           | 0.7500    | 0.9000   | 0.6923  |  3 |  1
15              | 42           | 41           | 0.7073    | 0.6905   | 0.5370  | 12 | 13
20              | 70           | 60           | 0.9333    | 0.8000   | 0.7568  |  4 | 14
25              | 87           | 95           | 0.8632    | 0.9425   | 0.8200  | 13 |  5
30              | 111          | 95           | 0.9684    | 0.8288   | 0.8070  |  3 | 19
35              | 120          | 107          | 0.9813    | 0.8750   | 0.8607  |  2 | 15
40              | 124          | 122          | 0.9016    | 0.8871   | 0.8088  | 12 | 14
45              | 143          | 124          | 0.9758    | 0.8462   | 0.8288  |  3 | 22
50              | 154          | 126          | 1.0000    | 0.8182   | 0.8182  |  0 | 28
55              | 154          | 126          | 1.0000    | 0.8182   | 0.8182  |  0 | 28
60              | 158          | 156          | 1.0000    | 0.9873   | 0.9873  |  0 |  2

Testing thresholds for node: clab-nebula-serf65
----------------------------------------------------------------------------------------
Threshold (ms)  | Ground Truth | Nodes Found  | Precision | Recall   | Jaccard | FP | FN
----------------------------------------------------------------------------------------
5               | 0            | 0            | 1.0000    | 1.0000   | 1.0000  |  0 |  0
9               | 0            | 0            | 1.0000    | 1.0000   | 1.0000  |  0 |  0
10              | 0            | 0            | 1.0000    | 1.0000   | 1.0000  |  0 |  0
15              | 0            | 0            | 1.0000    | 1.0000   | 1.0000  |  0 |  0
20              | 23           | 13           | 0.5385    | 0.3043   | 0.2414  |  6 | 16
25              | 62           | 69           | 0.7536    | 0.8387   | 0.6582  | 17 | 10
30              | 95           | 81           | 0.9259    | 0.7895   | 0.7426  |  6 | 20
35              | 115          | 107          | 0.9533    | 0.8870   | 0.8500  |  5 | 13
40              | 122          | 120          | 0.9583    | 0.9426   | 0.9055  |  5 |  7
45              | 126          | 120          | 0.9750    | 0.9286   | 0.9070  |  3 |  9
50              | 152          | 121          | 1.0000    | 0.7961   | 0.7961  |  0 | 31
55              | 154          | 121          | 1.0000    | 0.7857   | 0.7857  |  0 | 33
60              | 155          | 130          | 1.0000    | 0.8387   | 0.8387  |  0 | 25

Testing thresholds for node: clab-nebula-serf70
----------------------------------------------------------------------------------------
Threshold (ms)  | Ground Truth | Nodes Found  | Precision | Recall   | Jaccard | FP | FN
----------------------------------------------------------------------------------------
5               | 3            | 0            | nan       | 0.0000   | 0.0000  |  0 |  3
9               | 13           | 15           | 0.7333    | 0.8462   | 0.6471  |  4 |  2
10              | 19           | 15           | 0.8000    | 0.6316   | 0.5455  |  3 |  7
15              | 36           | 31           | 0.9355    | 0.8056   | 0.7632  |  2 |  7
20              | 66           | 72           | 0.7917    | 0.8636   | 0.7037  | 15 |  9
25              | 87           | 72           | 0.9444    | 0.7816   | 0.7473  |  4 | 19
30              | 110          | 111          | 0.8829    | 0.8909   | 0.7967  | 13 | 12
35              | 119          | 125          | 0.8880    | 0.9328   | 0.8346  | 14 |  8
40              | 124          | 125          | 0.9120    | 0.9194   | 0.8444  | 11 | 10
45              | 147          | 131          | 1.0000    | 0.8912   | 0.8912  |  0 | 16
50              | 154          | 131          | 1.0000    | 0.8506   | 0.8506  |  0 | 23
55              | 158          | 155          | 1.0000    | 0.9810   | 0.9810  |  0 |  3
60              | 161          | 156          | 1.0000    | 0.9689   | 0.9689  |  0 |  5

Testing thresholds for node: clab-nebula-serf75
----------------------------------------------------------------------------------------
Threshold (ms)  | Ground Truth | Nodes Found  | Precision | Recall   | Jaccard | FP | FN
----------------------------------------------------------------------------------------
5               | 0            | 0            | 1.0000    | 1.0000   | 1.0000  |  0 |  0
9               | 4            | 1            | 1.0000    | 0.2500   | 0.2500  |  0 |  3
10              | 7            | 8            | 0.7500    | 0.8571   | 0.6667  |  2 |  1
15              | 26           | 20           | 1.0000    | 0.7692   | 0.7692  |  0 |  6
20              | 41           | 35           | 0.9143    | 0.7805   | 0.7273  |  3 |  9
25              | 76           | 66           | 0.8333    | 0.7237   | 0.6322  | 11 | 21
30              | 100          | 91           | 0.9451    | 0.8600   | 0.8190  |  5 | 14
35              | 115          | 122          | 0.8689    | 0.9217   | 0.8092  | 16 |  9
40              | 122          | 122          | 0.9016    | 0.9016   | 0.8209  | 12 | 12
45              | 135          | 136          | 0.9338    | 0.9407   | 0.8819  |  9 |  8
50              | 154          | 136          | 1.0000    | 0.8831   | 0.8831  |  0 | 18
55              | 155          | 136          | 1.0000    | 0.8774   | 0.8774  |  0 | 19
60              | 158          | 155          | 1.0000    | 0.9810   | 0.9810  |  0 |  3

Testing thresholds for node: clab-nebula-serf80
----------------------------------------------------------------------------------------
Threshold (ms)  | Ground Truth | Nodes Found  | Precision | Recall   | Jaccard | FP | FN
----------------------------------------------------------------------------------------
5               | 0            | 0            | 1.0000    | 1.0000   | 1.0000  |  0 |  0
9               | 7            | 6            | 0.3333    | 0.2857   | 0.1818  |  4 |  5
10              | 14           | 19           | 0.5789    | 0.7857   | 0.5000  |  8 |  3
15              | 32           | 23           | 0.9130    | 0.6562   | 0.6176  |  2 | 11
20              | 55           | 53           | 0.8113    | 0.7818   | 0.6615  | 10 | 12
25              | 84           | 65           | 0.9231    | 0.7143   | 0.6742  |  5 | 24
30              | 110          | 90           | 0.9778    | 0.8000   | 0.7857  |  2 | 22
35              | 120          | 117          | 0.8974    | 0.8750   | 0.7955  | 12 | 15
40              | 127          | 117          | 0.9402    | 0.8661   | 0.8209  |  7 | 17
45              | 152          | 143          | 0.9930    | 0.9342   | 0.9281  |  1 | 10
50              | 154          | 143          | 1.0000    | 0.9286   | 0.9286  |  0 | 11
55              | 156          | 143          | 1.0000    | 0.9167   | 0.9167  |  0 | 13
60              | 159          | 155          | 1.0000    | 0.9748   | 0.9748  |  0 |  4

Testing thresholds for node: clab-nebula-serf85
----------------------------------------------------------------------------------------
Threshold (ms)  | Ground Truth | Nodes Found  | Precision | Recall   | Jaccard | FP | FN
----------------------------------------------------------------------------------------
5               | 0            | 0            | 1.0000    | 1.0000   | 1.0000  |  0 |  0
9               | 3            | 2            | 0.5000    | 0.3333   | 0.2500  |  1 |  2
10              | 4            | 3            | 0.6667    | 0.5000   | 0.4000  |  1 |  2
15              | 19           | 15           | 0.6667    | 0.5263   | 0.4167  |  5 |  9
20              | 35           | 30           | 0.9333    | 0.8000   | 0.7568  |  2 |  7
25              | 57           | 43           | 0.9302    | 0.7018   | 0.6667  |  3 | 17
30              | 82           | 43           | 0.9767    | 0.5122   | 0.5060  |  1 | 40
35              | 111          | 86           | 0.9535    | 0.7387   | 0.7130  |  4 | 29
40              | 119          | 86           | 0.9767    | 0.7059   | 0.6942  |  2 | 35
45              | 134          | 124          | 0.9677    | 0.8955   | 0.8696  |  4 | 14
50              | 149          | 124          | 1.0000    | 0.8322   | 0.8322  |  0 | 25
55              | 154          | 124          | 1.0000    | 0.8052   | 0.8052  |  0 | 30
60              | 157          | 146          | 1.0000    | 0.9299   | 0.9299  |  0 | 11

Testing thresholds for node: clab-nebula-serf90
----------------------------------------------------------------------------------------
Threshold (ms)  | Ground Truth | Nodes Found  | Precision | Recall   | Jaccard | FP | FN
----------------------------------------------------------------------------------------
5               | 2            | 2            | 0.5000    | 0.5000   | 0.3333  |  1 |  1
9               | 6            | 5            | 1.0000    | 0.8333   | 0.8333  |  0 |  1
10              | 9            | 5            | 1.0000    | 0.5556   | 0.5556  |  0 |  4
15              | 30           | 27           | 0.8519    | 0.7667   | 0.6765  |  4 |  7
20              | 49           | 28           | 0.8929    | 0.5102   | 0.4808  |  3 | 24
25              | 78           | 50           | 0.9800    | 0.6282   | 0.6203  |  1 | 29
30              | 101          | 83           | 0.9639    | 0.7921   | 0.7692  |  3 | 21
35              | 119          | 89           | 0.9775    | 0.7311   | 0.7190  |  2 | 32
40              | 122          | 89           | 1.0000    | 0.7295   | 0.7295  |  0 | 33
45              | 137          | 124          | 1.0000    | 0.9051   | 0.9051  |  0 | 13
50              | 154          | 124          | 1.0000    | 0.8052   | 0.8052  |  0 | 30
55              | 155          | 151          | 0.9934    | 0.9677   | 0.9615  |  1 |  5
60              | 159          | 154          | 1.0000    | 0.9686   | 0.9686  |  0 |  5

Testing thresholds for node: clab-nebula-serf95
----------------------------------------------------------------------------------------
Threshold (ms)  | Ground Truth | Nodes Found  | Precision | Recall   | Jaccard | FP | FN
----------------------------------------------------------------------------------------
5               | 0            | 0            | 1.0000    | 1.0000   | 1.0000  |  0 |  0
9               | 7            | 6            | 0.8333    | 0.7143   | 0.6250  |  1 |  2
10              | 10           | 6            | 0.8333    | 0.5000   | 0.4545  |  1 |  5
15              | 30           | 27           | 0.8519    | 0.7667   | 0.6765  |  4 |  7
20              | 50           | 34           | 0.9412    | 0.6400   | 0.6154  |  2 | 18
25              | 80           | 49           | 0.9796    | 0.6000   | 0.5926  |  1 | 32
30              | 104          | 88           | 0.9545    | 0.8077   | 0.7778  |  4 | 20
35              | 119          | 102          | 0.8922    | 0.7647   | 0.7000  | 11 | 28
40              | 124          | 102          | 0.9216    | 0.7581   | 0.7121  |  8 | 30
45              | 142          | 131          | 0.9771    | 0.9014   | 0.8828  |  3 | 14
50              | 154          | 131          | 1.0000    | 0.8506   | 0.8506  |  0 | 23
55              | 154          | 131          | 1.0000    | 0.8506   | 0.8506  |  0 | 23
60              | 159          | 154          | 1.0000    | 0.9686   | 0.9686  |  0 |  5

Testing thresholds for node: clab-nebula-serf100
----------------------------------------------------------------------------------------
Threshold (ms)  | Ground Truth | Nodes Found  | Precision | Recall   | Jaccard | FP | FN
----------------------------------------------------------------------------------------
5               | 6            | 5            | 1.0000    | 0.8333   | 0.8333  |  0 |  1
9               | 7            | 6            | 1.0000    | 0.8571   | 0.8571  |  0 |  1
10              | 7            | 6            | 1.0000    | 0.8571   | 0.8571  |  0 |  1
15              | 8            | 6            | 1.0000    | 0.7500   | 0.7500  |  0 |  2
20              | 14           | 8            | 0.8750    | 0.5000   | 0.4667  |  1 |  7
25              | 25           | 14           | 1.0000    | 0.5600   | 0.5600  |  0 | 11
30              | 59           | 24           | 0.9167    | 0.3729   | 0.3607  |  2 | 37
35              | 89           | 69           | 0.9275    | 0.7191   | 0.6809  |  5 | 25
40              | 137          | 81           | 0.9753    | 0.5766   | 0.5683  |  2 | 58
45              | 150          | 136          | 0.9853    | 0.8933   | 0.8816  |  2 | 16
50              | 159          | 151          | 0.9934    | 0.9434   | 0.9375  |  1 |  9
55              | 160          | 151          | 1.0000    | 0.9437   | 0.9437  |  0 |  9
60              | 161          | 151          | 1.0000    | 0.9379   | 0.9379  |  0 | 10

Testing thresholds for node: clab-nebula-serf105
----------------------------------------------------------------------------------------
Threshold (ms)  | Ground Truth | Nodes Found  | Precision | Recall   | Jaccard | FP | FN
----------------------------------------------------------------------------------------
5               | 1            | 0            | nan       | 0.0000   | 0.0000  |  0 |  1
9               | 2            | 0            | nan       | 0.0000   | 0.0000  |  0 |  2
10              | 3            | 0            | nan       | 0.0000   | 0.0000  |  0 |  3
15              | 8            | 9            | 0.7778    | 0.8750   | 0.7000  |  2 |  1
20              | 25           | 16           | 0.8750    | 0.5600   | 0.5185  |  2 | 11
25              | 54           | 50           | 0.7400    | 0.6852   | 0.5522  | 13 | 17
30              | 86           | 85           | 0.8235    | 0.8140   | 0.6931  | 15 | 16
35              | 123          | 108          | 0.9444    | 0.8293   | 0.7907  |  6 | 21
40              | 145          | 118          | 1.0000    | 0.8138   | 0.8138  |  0 | 27
45              | 153          | 136          | 1.0000    | 0.8889   | 0.8889  |  0 | 17
50              | 155          | 136          | 1.0000    | 0.8774   | 0.8774  |  0 | 19
55              | 160          | 154          | 1.0000    | 0.9625   | 0.9625  |  0 |  6
60              | 161          | 156          | 1.0000    | 0.9689   | 0.9689  |  0 |  5

Testing thresholds for node: clab-nebula-serf110
----------------------------------------------------------------------------------------
Threshold (ms)  | Ground Truth | Nodes Found  | Precision | Recall   | Jaccard | FP | FN
----------------------------------------------------------------------------------------
5               | 0            | 0            | 1.0000    | 1.0000   | 1.0000  |  0 |  0
9               | 0            | 0            | 1.0000    | 1.0000   | 1.0000  |  0 |  0
10              | 0            | 0            | 1.0000    | 1.0000   | 1.0000  |  0 |  0
15              | 2            | 0            | nan       | 0.0000   | 0.0000  |  0 |  2
20              | 7            | 1            | 1.0000    | 0.1429   | 0.1429  |  0 |  6
25              | 15           | 12           | 0.7500    | 0.6000   | 0.5000  |  3 |  6
30              | 37           | 19           | 0.8947    | 0.4595   | 0.4359  |  2 | 20
35              | 69           | 93           | 0.6882    | 0.9275   | 0.6531  | 29 |  5
40              | 107          | 109          | 0.8532    | 0.8692   | 0.7561  | 16 | 14
45              | 143          | 113          | 1.0000    | 0.7902   | 0.7902  |  0 | 30
50              | 148          | 139          | 0.9928    | 0.9324   | 0.9262  |  1 | 10
55              | 154          | 139          | 1.0000    | 0.9026   | 0.9026  |  0 | 15
60              | 157          | 152          | 1.0000    | 0.9682   | 0.9682  |  0 |  5

Testing thresholds for node: clab-nebula-serf115
----------------------------------------------------------------------------------------
Threshold (ms)  | Ground Truth | Nodes Found  | Precision | Recall   | Jaccard | FP | FN
----------------------------------------------------------------------------------------
5               | 0            | 0            | 1.0000    | 1.0000   | 1.0000  |  0 |  0
9               | 0            | 0            | 1.0000    | 1.0000   | 1.0000  |  0 |  0
10              | 0            | 0            | 1.0000    | 1.0000   | 1.0000  |  0 |  0
15              | 0            | 0            | 1.0000    | 1.0000   | 1.0000  |  0 |  0
20              | 0            | 0            | 1.0000    | 1.0000   | 1.0000  |  0 |  0
25              | 0            | 0            | 1.0000    | 1.0000   | 1.0000  |  0 |  0
30              | 0            | 0            | 1.0000    | 1.0000   | 1.0000  |  0 |  0
35              | 1            | 0            | nan       | 0.0000   | 0.0000  |  0 |  1
40              | 3            | 1            | 1.0000    | 0.3333   | 0.3333  |  0 |  2
45              | 6            | 1            | 1.0000    | 0.1667   | 0.1667  |  0 |  5
50              | 23           | 11           | 0.8182    | 0.3913   | 0.3600  |  2 | 14
55              | 57           | 23           | 0.9130    | 0.3684   | 0.3559  |  2 | 36
60              | 103          | 23           | 0.9565    | 0.2136   | 0.2115  |  1 | 81

Testing thresholds for node: clab-nebula-serf120
----------------------------------------------------------------------------------------
Threshold (ms)  | Ground Truth | Nodes Found  | Precision | Recall   | Jaccard | FP | FN
----------------------------------------------------------------------------------------
5               | 2            | 0            | nan       | 0.0000   | 0.0000  |  0 |  2
9               | 2            | 0            | nan       | 0.0000   | 0.0000  |  0 |  2
10              | 2            | 0            | nan       | 0.0000   | 0.0000  |  0 |  2
15              | 2            | 0            | nan       | 0.0000   | 0.0000  |  0 |  2
20              | 2            | 0            | nan       | 0.0000   | 0.0000  |  0 |  2
25              | 2            | 0            | nan       | 0.0000   | 0.0000  |  0 |  2
30              | 3            | 2            | 1.0000    | 0.6667   | 0.6667  |  0 |  1
35              | 3            | 2            | 1.0000    | 0.6667   | 0.6667  |  0 |  1
40              | 3            | 2            | 1.0000    | 0.6667   | 0.6667  |  0 |  1
45              | 5            | 3            | 1.0000    | 0.6000   | 0.6000  |  0 |  2
50              | 14           | 6            | 0.8333    | 0.3571   | 0.3333  |  1 |  9
55              | 24           | 6            | 0.8333    | 0.2083   | 0.2000  |  1 | 19
60              | 48           | 6            | 1.0000    | 0.1250   | 0.1250  |  0 | 42

Testing thresholds for node: clab-nebula-serf125
----------------------------------------------------------------------------------------
Threshold (ms)  | Ground Truth | Nodes Found  | Precision | Recall   | Jaccard | FP | FN
----------------------------------------------------------------------------------------
5               | 0            | 0            | 1.0000    | 1.0000   | 1.0000  |  0 |  0
9               | 3            | 2            | 1.0000    | 0.6667   | 0.6667  |  0 |  1
10              | 3            | 2            | 1.0000    | 0.6667   | 0.6667  |  0 |  1
15              | 12           | 4            | 0.7500    | 0.2500   | 0.2308  |  1 |  9
20              | 45           | 43           | 0.8605    | 0.8222   | 0.7255  |  6 |  8
25              | 58           | 59           | 0.9492    | 0.9655   | 0.9180  |  3 |  2
30              | 84           | 59           | 0.9831    | 0.6905   | 0.6824  |  1 | 26
35              | 112          | 62           | 0.9839    | 0.5446   | 0.5398  |  1 | 51
40              | 137          | 78           | 0.9872    | 0.5620   | 0.5580  |  1 | 60
45              | 146          | 126          | 1.0000    | 0.8630   | 0.8630  |  0 | 20
50              | 155          | 133          | 1.0000    | 0.8581   | 0.8581  |  0 | 22
55              | 161          | 151          | 1.0000    | 0.9379   | 0.9379  |  0 | 10
60              | 161          | 151          | 1.0000    | 0.9379   | 0.9379  |  0 | 10

Testing thresholds for node: clab-nebula-serf130
----------------------------------------------------------------------------------------
Threshold (ms)  | Ground Truth | Nodes Found  | Precision | Recall   | Jaccard | FP | FN
----------------------------------------------------------------------------------------
5               | 0            | 0            | 1.0000    | 1.0000   | 1.0000  |  0 |  0
9               | 0            | 0            | 1.0000    | 1.0000   | 1.0000  |  0 |  0
10              | 0            | 0            | 1.0000    | 1.0000   | 1.0000  |  0 |  0
15              | 0            | 0            | 1.0000    | 1.0000   | 1.0000  |  0 |  0
20              | 13           | 11           | 0.9091    | 0.7692   | 0.7143  |  1 |  3
25              | 14           | 11           | 1.0000    | 0.7857   | 0.7857  |  0 |  3
30              | 24           | 18           | 0.8333    | 0.6250   | 0.5556  |  3 |  9
35              | 41           | 19           | 1.0000    | 0.4634   | 0.4634  |  0 | 22
40              | 53           | 45           | 0.9333    | 0.7925   | 0.7500  |  3 | 11
45              | 84           | 89           | 0.8090    | 0.8571   | 0.7129  | 17 | 12
50              | 111          | 89           | 0.9438    | 0.7568   | 0.7241  |  5 | 27
55              | 136          | 106          | 0.9623    | 0.7500   | 0.7286  |  4 | 34
60              | 146          | 132          | 1.0000    | 0.9041   | 0.9041  |  0 | 14

Testing thresholds for node: clab-nebula-serf135
----------------------------------------------------------------------------------------
Threshold (ms)  | Ground Truth | Nodes Found  | Precision | Recall   | Jaccard | FP | FN
----------------------------------------------------------------------------------------
5               | 0            | 0            | 1.0000    | 1.0000   | 1.0000  |  0 |  0
9               | 0            | 0            | 1.0000    | 1.0000   | 1.0000  |  0 |  0
10              | 0            | 0            | 1.0000    | 1.0000   | 1.0000  |  0 |  0
15              | 1            | 0            | nan       | 0.0000   | 0.0000  |  0 |  1
20              | 14           | 11           | 1.0000    | 0.7857   | 0.7857  |  0 |  3
25              | 15           | 14           | 1.0000    | 0.9333   | 0.9333  |  0 |  1
30              | 25           | 14           | 1.0000    | 0.5600   | 0.5600  |  0 | 11
35              | 42           | 14           | 1.0000    | 0.3333   | 0.3333  |  0 | 28
40              | 54           | 56           | 0.7500    | 0.7778   | 0.6176  | 14 | 12
45              | 91           | 99           | 0.7778    | 0.8462   | 0.6814  | 22 | 14
50              | 112          | 99           | 0.9091    | 0.8036   | 0.7438  |  9 | 22
55              | 137          | 108          | 0.9722    | 0.7664   | 0.7500  |  3 | 32
60              | 146          | 135          | 0.9926    | 0.9178   | 0.9116  |  1 | 12

Testing thresholds for node: clab-nebula-serf140
----------------------------------------------------------------------------------------
Threshold (ms)  | Ground Truth | Nodes Found  | Precision | Recall   | Jaccard | FP | FN
----------------------------------------------------------------------------------------
5               | 0            | 0            | 1.0000    | 1.0000   | 1.0000  |  0 |  0
9               | 0            | 0            | 1.0000    | 1.0000   | 1.0000  |  0 |  0
10              | 0            | 0            | 1.0000    | 1.0000   | 1.0000  |  0 |  0
15              | 0            | 0            | 1.0000    | 1.0000   | 1.0000  |  0 |  0
20              | 13           | 11           | 0.9091    | 0.7692   | 0.7143  |  1 |  3
25              | 14           | 11           | 1.0000    | 0.7857   | 0.7857  |  0 |  3
30              | 25           | 17           | 0.8824    | 0.6000   | 0.5556  |  2 | 10
35              | 39           | 17           | 0.9412    | 0.4103   | 0.4000  |  1 | 23
40              | 52           | 40           | 0.9500    | 0.7308   | 0.7037  |  2 | 14
45              | 82           | 86           | 0.8256    | 0.8659   | 0.7320  | 15 | 11
50              | 108          | 86           | 0.9651    | 0.7685   | 0.7477  |  3 | 25
55              | 136          | 106          | 0.9623    | 0.7500   | 0.7286  |  4 | 34
60              | 145          | 132          | 0.9924    | 0.9034   | 0.8973  |  1 | 14

Testing thresholds for node: clab-nebula-serf145
----------------------------------------------------------------------------------------
Threshold (ms)  | Ground Truth | Nodes Found  | Precision | Recall   | Jaccard | FP | FN
----------------------------------------------------------------------------------------
5               | 0            | 0            | 1.0000    | 1.0000   | 1.0000  |  0 |  0
9               | 0            | 0            | 1.0000    | 1.0000   | 1.0000  |  0 |  0
10              | 0            | 0            | 1.0000    | 1.0000   | 1.0000  |  0 |  0
15              | 1            | 0            | nan       | 0.0000   | 0.0000  |  0 |  1
20              | 5            | 4            | 0.5000    | 0.4000   | 0.2857  |  2 |  3
25              | 7            | 4            | 1.0000    | 0.5714   | 0.5714  |  0 |  3
30              | 15           | 8            | 0.5000    | 0.2667   | 0.2105  |  4 | 11
35              | 37           | 27           | 0.8889    | 0.6486   | 0.6000  |  3 | 13
40              | 56           | 33           | 1.0000    | 0.5893   | 0.5893  |  0 | 23
45              | 66           | 34           | 1.0000    | 0.5152   | 0.5152  |  0 | 32
50              | 104          | 59           | 0.9153    | 0.5192   | 0.4954  |  5 | 50
55              | 130          | 89           | 0.9551    | 0.6538   | 0.6343  |  4 | 45
60              | 145          | 89           | 1.0000    | 0.6138   | 0.6138  |  0 | 56

Testing thresholds for node: clab-nebula-serf150
----------------------------------------------------------------------------------------
Threshold (ms)  | Ground Truth | Nodes Found  | Precision | Recall   | Jaccard | FP | FN
----------------------------------------------------------------------------------------
5               | 0            | 0            | 1.0000    | 1.0000   | 1.0000  |  0 |  0
9               | 0            | 0            | 1.0000    | 1.0000   | 1.0000  |  0 |  0
10              | 0            | 0            | 1.0000    | 1.0000   | 1.0000  |  0 |  0
15              | 1            | 0            | nan       | 0.0000   | 0.0000  |  0 |  1
20              | 9            | 9            | 0.6667    | 0.6667   | 0.5000  |  3 |  3
25              | 17           | 9            | 1.0000    | 0.5294   | 0.5294  |  0 |  8
30              | 23           | 14           | 1.0000    | 0.6087   | 0.6087  |  0 |  9
35              | 42           | 16           | 0.9375    | 0.3571   | 0.3488  |  1 | 27
40              | 54           | 36           | 0.9722    | 0.6481   | 0.6364  |  1 | 19
45              | 79           | 51           | 0.9804    | 0.6329   | 0.6250  |  1 | 29
50              | 117          | 51           | 0.9804    | 0.4274   | 0.4237  |  1 | 67
55              | 141          | 78           | 0.9872    | 0.5461   | 0.5423  |  1 | 64
60              | 152          | 105          | 1.0000    | 0.6908   | 0.6908  |  0 | 47

Testing thresholds for node: clab-nebula-serf155
----------------------------------------------------------------------------------------
Threshold (ms)  | Ground Truth | Nodes Found  | Precision | Recall   | Jaccard | FP | FN
----------------------------------------------------------------------------------------
5               | 0            | 0            | 1.0000    | 1.0000   | 1.0000  |  0 |  0
9               | 0            | 0            | 1.0000    | 1.0000   | 1.0000  |  0 |  0
10              | 0            | 0            | 1.0000    | 1.0000   | 1.0000  |  0 |  0
15              | 1            | 3            | 0.0000    | 0.0000   | 0.0000  |  3 |  1
20              | 11           | 9            | 0.8889    | 0.7273   | 0.6667  |  1 |  3
25              | 14           | 12           | 1.0000    | 0.8571   | 0.8571  |  0 |  2
30              | 24           | 13           | 1.0000    | 0.5417   | 0.5417  |  0 | 11
35              | 43           | 30           | 0.8667    | 0.6047   | 0.5532  |  4 | 17
40              | 56           | 51           | 0.9412    | 0.8571   | 0.8136  |  3 |  8
45              | 82           | 51           | 0.9804    | 0.6098   | 0.6024  |  1 | 32
50              | 117          | 51           | 0.9804    | 0.4274   | 0.4237  |  1 | 67
55              | 137          | 91           | 0.9890    | 0.6569   | 0.6522  |  1 | 47
60              | 150          | 114          | 1.0000    | 0.7600   | 0.7600  |  0 | 36

Testing thresholds for node: clab-nebula-serf160
----------------------------------------------------------------------------------------
Threshold (ms)  | Ground Truth | Nodes Found  | Precision | Recall   | Jaccard | FP | FN
----------------------------------------------------------------------------------------
5               | 4            | 3            | 1.0000    | 0.7500   | 0.7500  |  0 |  1
9               | 4            | 3            | 1.0000    | 0.7500   | 0.7500  |  0 |  1
10              | 4            | 3            | 1.0000    | 0.7500   | 0.7500  |  0 |  1
15              | 5            | 4            | 1.0000    | 0.8000   | 0.8000  |  0 |  1
20              | 10           | 10           | 0.6000    | 0.6000   | 0.4286  |  4 |  4
25              | 25           | 12           | 0.7500    | 0.3600   | 0.3214  |  3 | 16
30              | 37           | 23           | 1.0000    | 0.6216   | 0.6216  |  0 | 14
35              | 43           | 30           | 1.0000    | 0.6977   | 0.6977  |  0 | 13
40              | 58           | 40           | 1.0000    | 0.6897   | 0.6897  |  0 | 18
45              | 82           | 62           | 0.9355    | 0.7073   | 0.6744  |  4 | 24
50              | 118          | 105          | 0.8952    | 0.7966   | 0.7287  | 11 | 24
55              | 139          | 108          | 0.9722    | 0.7554   | 0.7394  |  3 | 34
60              | 149          | 122          | 0.9918    | 0.8121   | 0.8067  |  1 | 28
