Testing thresholds for node: clab-nebula-serf1
----------------------------------------------
Threshold (ms)  | Ground Truth | Nodes Found  | Precision | Recall   | Jaccard | FP | FN
----------------------------------------------------------------------------------------
5               | 0            | 0            | 1.0000    | 1.0000   | 1.0000  |  0 |  0
9               | 4            | 4            | 0.7500    | 0.7500   | 0.6000  |  1 |  1
10              | 6            | 4            | 1.0000    | 0.6667   | 0.6667  |  0 |  2
15              | 12           | 11           | 0.9091    | 0.8333   | 0.7692  |  1 |  2
20              | 19           | 18           | 1.0000    | 0.9474   | 0.9474  |  0 |  1
25              | 37           | 30           | 0.9667    | 0.7838   | 0.7632  |  1 |  8
30              | 74           | 95           | 0.7263    | 0.9324   | 0.6900  | 26 |  5
35              | 91           | 74           | 0.9595    | 0.7802   | 0.7553  |  3 | 20
40              | 107          | 95           | 0.9579    | 0.8505   | 0.8198  |  4 | 16
45              | 117          | 95           | 0.9789    | 0.7949   | 0.7815  |  2 | 24
50              | 121          | 89           | 0.9888    | 0.7273   | 0.7213  |  1 | 33
55              | 133          | 96           | 1.0000    | 0.7218   | 0.7218  |  0 | 37
60              | 153          | 96           | 1.0000    | 0.6275   | 0.6275  |  0 | 57

Testing thresholds for node: clab-nebula-serf5
----------------------------------------------
Threshold (ms)  | Ground Truth | Nodes Found  | Precision | Recall   | Jaccard | FP | FN
----------------------------------------------------------------------------------------
5               | 0            | 0            | 1.0000    | 1.0000   | 1.0000  |  0 |  0
9               | 2            | 1            | 1.0000    | 0.5000   | 0.5000  |  0 |  1
10              | 3            | 3            | 0.6667    | 0.6667   | 0.5000  |  1 |  1
15              | 7            | 10           | 0.7000    | 1.0000   | 0.7000  |  3 |  0
20              | 14           | 16           | 0.7500    | 0.8571   | 0.6667  |  4 |  2
25              | 19           | 18           | 1.0000    | 0.9474   | 0.9474  |  0 |  1
30              | 46           | 82           | 0.5366    | 0.9565   | 0.5238  | 38 |  2
35              | 80           | 72           | 0.8611    | 0.7750   | 0.6889  | 10 | 18
40              | 92           | 72           | 0.9583    | 0.7500   | 0.7263  |  3 | 23
45              | 108          | 86           | 0.9884    | 0.7870   | 0.7798  |  1 | 23
50              | 118          | 84           | 0.9881    | 0.7034   | 0.6975  |  1 | 35
55              | 121          | 84           | 0.9881    | 0.6860   | 0.6803  |  1 | 38
60              | 143          | 86           | 1.0000    | 0.6014   | 0.6014  |  0 | 57

Testing thresholds for node: clab-nebula-serf10
-----------------------------------------------
Threshold (ms)  | Ground Truth | Nodes Found  | Precision | Recall   | Jaccard | FP | FN
----------------------------------------------------------------------------------------
5               | 1            | 0            | nan       | 0.0000   | 0.0000  |  0 |  1
9               | 8            | 8            | 0.6250    | 0.6250   | 0.4545  |  3 |  3
10              | 9            | 8            | 0.7500    | 0.6667   | 0.5455  |  2 |  3
15              | 20           | 23           | 0.7826    | 0.9000   | 0.7200  |  5 |  2
20              | 40           | 71           | 0.5352    | 0.9500   | 0.5205  | 33 |  2
25              | 71           | 57           | 0.8246    | 0.6620   | 0.5802  | 10 | 24
30              | 88           | 99           | 0.8485    | 0.9545   | 0.8155  | 15 |  4
35              | 103          | 91           | 0.9780    | 0.8641   | 0.8476  |  2 | 14
40              | 120          | 107          | 0.9813    | 0.8750   | 0.8607  |  2 | 15
45              | 121          | 107          | 0.9907    | 0.8760   | 0.8689  |  1 | 15
50              | 129          | 101          | 1.0000    | 0.7829   | 0.7829  |  0 | 28
55              | 153          | 104          | 1.0000    | 0.6797   | 0.6797  |  0 | 49
60              | 156          | 109          | 1.0000    | 0.6987   | 0.6987  |  0 | 47

Testing thresholds for node: clab-nebula-serf15
-----------------------------------------------
Threshold (ms)  | Ground Truth | Nodes Found  | Precision | Recall   | Jaccard | FP | FN
----------------------------------------------------------------------------------------
5               | 1            | 0            | nan       | 0.0000   | 0.0000  |  0 |  1
9               | 10           | 17           | 0.5294    | 0.9000   | 0.5000  |  8 |  1
10              | 14           | 17           | 0.7059    | 0.8571   | 0.6316  |  5 |  2
15              | 32           | 70           | 0.4286    | 0.9375   | 0.4167  | 40 |  2
20              | 68           | 84           | 0.7976    | 0.9853   | 0.7882  | 17 |  1
25              | 88           | 100          | 0.8400    | 0.9545   | 0.8077  | 16 |  4
30              | 100          | 100          | 0.9500    | 0.9500   | 0.9048  |  5 |  5
35              | 117          | 104          | 0.9808    | 0.8718   | 0.8571  |  2 | 15
40              | 121          | 116          | 0.9483    | 0.9091   | 0.8661  |  6 | 11
45              | 124          | 116          | 0.9569    | 0.8952   | 0.8605  |  5 | 13
50              | 151          | 111          | 1.0000    | 0.7351   | 0.7351  |  0 | 40
55              | 154          | 111          | 1.0000    | 0.7208   | 0.7208  |  0 | 43
60              | 158          | 156          | 1.0000    | 0.9873   | 0.9873  |  0 |  2

Testing thresholds for node: clab-nebula-serf20
-----------------------------------------------
Threshold (ms)  | Ground Truth | Nodes Found  | Precision | Recall   | Jaccard | FP | FN
----------------------------------------------------------------------------------------
5               | 2            | 0            | nan       | 0.0000   | 0.0000  |  0 |  2
9               | 4            | 3            | 0.6667    | 0.5000   | 0.4000  |  1 |  2
10              | 4            | 3            | 0.6667    | 0.5000   | 0.4000  |  1 |  2
15              | 15           | 16           | 0.7500    | 0.8000   | 0.6316  |  4 |  3
20              | 26           | 29           | 0.7931    | 0.8846   | 0.7188  |  6 |  3
25              | 46           | 49           | 0.8776    | 0.9348   | 0.8269  |  6 |  3
30              | 80           | 73           | 0.9452    | 0.8625   | 0.8214  |  4 | 11
35              | 93           | 73           | 0.9863    | 0.7742   | 0.7660  |  1 | 21
40              | 102          | 73           | 0.9863    | 0.7059   | 0.6990  |  1 | 30
45              | 118          | 94           | 0.9787    | 0.7797   | 0.7667  |  2 | 26
50              | 124          | 98           | 1.0000    | 0.7903   | 0.7903  |  0 | 26
55              | 129          | 98           | 1.0000    | 0.7597   | 0.7597  |  0 | 31
60              | 154          | 100          | 1.0000    | 0.6494   | 0.6494  |  0 | 54

Testing thresholds for node: clab-nebula-serf25
-----------------------------------------------
Threshold (ms)  | Ground Truth | Nodes Found  | Precision | Recall   | Jaccard | FP | FN
----------------------------------------------------------------------------------------
5               | 0            | 0            | 1.0000    | 1.0000   | 1.0000  |  0 |  0
9               | 4            | 7            | 0.4286    | 0.7500   | 0.3750  |  4 |  1
10              | 4            | 7            | 0.4286    | 0.7500   | 0.3750  |  4 |  1
15              | 12           | 17           | 0.5882    | 0.8333   | 0.5263  |  7 |  2
20              | 28           | 30           | 0.7333    | 0.7857   | 0.6111  |  8 |  6
25              | 44           | 46           | 0.9130    | 0.9545   | 0.8750  |  4 |  2
30              | 81           | 77           | 0.9481    | 0.9012   | 0.8588  |  4 |  8
35              | 93           | 77           | 0.9740    | 0.8065   | 0.7895  |  2 | 18
40              | 102          | 77           | 0.9870    | 0.7451   | 0.7379  |  1 | 26
45              | 119          | 102          | 0.9706    | 0.8319   | 0.8115  |  3 | 20
50              | 124          | 97           | 1.0000    | 0.7823   | 0.7823  |  0 | 27
55              | 127          | 97           | 1.0000    | 0.7638   | 0.7638  |  0 | 30
60              | 154          | 102          | 1.0000    | 0.6623   | 0.6623  |  0 | 52

Testing thresholds for node: clab-nebula-serf30
-----------------------------------------------
Threshold (ms)  | Ground Truth | Nodes Found  | Precision | Recall   | Jaccard | FP | FN
----------------------------------------------------------------------------------------
5               | 1            | 0            | nan       | 0.0000   | 0.0000  |  0 |  1
9               | 8            | 15           | 0.4000    | 0.7500   | 0.3529  |  9 |  2
10              | 13           | 16           | 0.6250    | 0.7692   | 0.5263  |  6 |  3
15              | 28           | 30           | 0.7667    | 0.8214   | 0.6571  |  7 |  5
20              | 45           | 50           | 0.8600    | 0.9556   | 0.8269  |  7 |  2
25              | 81           | 78           | 0.9359    | 0.9012   | 0.8488  |  5 |  8
30              | 93           | 93           | 0.8925    | 0.8925   | 0.8058  | 10 | 10
35              | 102          | 78           | 0.9872    | 0.7549   | 0.7476  |  1 | 25
40              | 119          | 102          | 0.9706    | 0.8319   | 0.8115  |  3 | 20
45              | 124          | 102          | 1.0000    | 0.8226   | 0.8226  |  0 | 22
50              | 128          | 97           | 1.0000    | 0.7578   | 0.7578  |  0 | 31
55              | 154          | 102          | 1.0000    | 0.6623   | 0.6623  |  0 | 52
60              | 154          | 102          | 1.0000    | 0.6623   | 0.6623  |  0 | 52

Testing thresholds for node: clab-nebula-serf35
-----------------------------------------------
Threshold (ms)  | Ground Truth | Nodes Found  | Precision | Recall   | Jaccard | FP | FN
----------------------------------------------------------------------------------------
5               | 0            | 0            | 1.0000    | 1.0000   | 1.0000  |  0 |  0
9               | 0            | 0            | 1.0000    | 1.0000   | 1.0000  |  0 |  0
10              | 1            | 1            | 0.0000    | 0.0000   | 0.0000  |  1 |  1
15              | 7            | 32           | 0.1875    | 0.8571   | 0.1818  | 26 |  1
20              | 26           | 32           | 0.6562    | 0.8077   | 0.5676  | 11 |  5
25              | 63           | 42           | 0.9048    | 0.6032   | 0.5672  |  4 | 25
30              | 85           | 89           | 0.9101    | 0.9529   | 0.8710  |  8 |  4
35              | 95           | 93           | 0.9247    | 0.9053   | 0.8431  |  7 |  9
40              | 111          | 93           | 0.9677    | 0.8108   | 0.7895  |  3 | 21
45              | 121          | 108          | 0.9815    | 0.8760   | 0.8618  |  2 | 15
50              | 124          | 101          | 1.0000    | 0.8145   | 0.8145  |  0 | 23
55              | 145          | 107          | 1.0000    | 0.7379   | 0.7379  |  0 | 38
60              | 154          | 110          | 1.0000    | 0.7143   | 0.7143  |  0 | 44

Testing thresholds for node: clab-nebula-serf40
-----------------------------------------------
Threshold (ms)  | Ground Truth | Nodes Found  | Precision | Recall   | Jaccard | FP | FN
----------------------------------------------------------------------------------------
5               | 0            | 0            | 1.0000    | 1.0000   | 1.0000  |  0 |  0
9               | 0            | 0            | 1.0000    | 1.0000   | 1.0000  |  0 |  0
10              | 1            | 0            | nan       | 0.0000   | 0.0000  |  0 |  1
15              | 11           | 15           | 0.6667    | 0.9091   | 0.6250  |  5 |  1
20              | 35           | 36           | 0.6944    | 0.7143   | 0.5435  | 11 | 10
25              | 71           | 45           | 0.9111    | 0.5775   | 0.5467  |  4 | 30
30              | 87           | 92           | 0.8913    | 0.9425   | 0.8454  | 10 |  5
35              | 98           | 91           | 0.9560    | 0.8878   | 0.8529  |  4 | 11
40              | 118          | 99           | 0.9798    | 0.8220   | 0.8083  |  2 | 21
45              | 122          | 115          | 0.9478    | 0.8934   | 0.8516  |  6 | 13
50              | 126          | 106          | 1.0000    | 0.8413   | 0.8413  |  0 | 20
55              | 153          | 115          | 1.0000    | 0.7516   | 0.7516  |  0 | 38
60              | 154          | 115          | 1.0000    | 0.7468   | 0.7468  |  0 | 39

Testing thresholds for node: clab-nebula-serf45
-----------------------------------------------
Threshold (ms)  | Ground Truth | Nodes Found  | Precision | Recall   | Jaccard | FP | FN
----------------------------------------------------------------------------------------
5               | 2            | 2            | 0.0000    | 0.0000   | 0.0000  |  2 |  2
9               | 7            | 20           | 0.2500    | 0.7143   | 0.2273  | 15 |  2
10              | 8            | 20           | 0.3000    | 0.7500   | 0.2727  | 14 |  2
15              | 22           | 25           | 0.6000    | 0.6818   | 0.4688  | 10 |  7
20              | 40           | 46           | 0.8261    | 0.9500   | 0.7917  |  8 |  2
25              | 80           | 50           | 0.9800    | 0.6125   | 0.6049  |  1 | 31
30              | 90           | 100          | 0.8500    | 0.9444   | 0.8095  | 15 |  5
35              | 118          | 100          | 0.9600    | 0.8136   | 0.7869  |  4 | 22
40              | 121          | 100          | 0.9900    | 0.8182   | 0.8115  |  1 | 22
45              | 124          | 100          | 1.0000    | 0.8065   | 0.8065  |  0 | 24
50              | 145          | 108          | 1.0000    | 0.7448   | 0.7448  |  0 | 37
55              | 154          | 108          | 1.0000    | 0.7013   | 0.7013  |  0 | 46
60              | 155          | 113          | 1.0000    | 0.7290   | 0.7290  |  0 | 42

Testing thresholds for node: clab-nebula-serf50
-----------------------------------------------
Threshold (ms)  | Ground Truth | Nodes Found  | Precision | Recall   | Jaccard | FP | FN
----------------------------------------------------------------------------------------
5               | 3            | 5            | 0.4000    | 0.6667   | 0.3333  |  3 |  1
9               | 5            | 5            | 0.6000    | 0.6000   | 0.4286  |  2 |  2
10              | 8            | 23           | 0.2609    | 0.7500   | 0.2400  | 17 |  2
15              | 23           | 30           | 0.6000    | 0.7826   | 0.5143  | 12 |  5
20              | 41           | 46           | 0.8043    | 0.9024   | 0.7400  |  9 |  4
25              | 81           | 50           | 0.9800    | 0.6049   | 0.5976  |  1 | 32
30              | 93           | 100          | 0.8700    | 0.9355   | 0.8208  | 13 |  6
35              | 118          | 100          | 0.9600    | 0.8136   | 0.7869  |  4 | 22
40              | 122          | 100          | 0.9900    | 0.8115   | 0.8049  |  1 | 23
45              | 125          | 100          | 1.0000    | 0.8000   | 0.8000  |  0 | 25
50              | 153          | 109          | 1.0000    | 0.7124   | 0.7124  |  0 | 44
55              | 154          | 109          | 1.0000    | 0.7078   | 0.7078  |  0 | 45
60              | 156          | 119          | 1.0000    | 0.7628   | 0.7628  |  0 | 37

Testing thresholds for node: clab-nebula-serf55
-----------------------------------------------
Threshold (ms)  | Ground Truth | Nodes Found  | Precision | Recall   | Jaccard | FP | FN
----------------------------------------------------------------------------------------
5               | 0            | 0            | 1.0000    | 1.0000   | 1.0000  |  0 |  0
9               | 6            | 10           | 0.5000    | 0.8333   | 0.4545  |  5 |  1
10              | 9            | 10           | 0.8000    | 0.8889   | 0.7273  |  2 |  1
15              | 23           | 39           | 0.5385    | 0.9130   | 0.5122  | 18 |  2
20              | 64           | 75           | 0.8267    | 0.9688   | 0.8052  | 13 |  2
25              | 83           | 95           | 0.8421    | 0.9639   | 0.8163  | 15 |  3
30              | 96           | 98           | 0.9184    | 0.9375   | 0.8654  |  8 |  6
35              | 119          | 106          | 0.9811    | 0.8739   | 0.8595  |  2 | 15
40              | 121          | 123          | 0.8943    | 0.9091   | 0.8209  | 13 | 11
45              | 126          | 123          | 0.9106    | 0.8889   | 0.8175  | 11 | 14
50              | 153          | 122          | 1.0000    | 0.7974   | 0.7974  |  0 | 31
55              | 154          | 122          | 1.0000    | 0.7922   | 0.7922  |  0 | 32
60              | 157          | 131          | 1.0000    | 0.8344   | 0.8344  |  0 | 26

Testing thresholds for node: clab-nebula-serf60
-----------------------------------------------
Threshold (ms)  | Ground Truth | Nodes Found  | Precision | Recall   | Jaccard | FP | FN
----------------------------------------------------------------------------------------
5               | 4            | 5            | 0.6000    | 0.7500   | 0.5000  |  2 |  1
9               | 6            | 6            | 0.6667    | 0.6667   | 0.5000  |  2 |  2
10              | 10           | 13           | 0.6923    | 0.9000   | 0.6429  |  4 |  1
15              | 42           | 57           | 0.6842    | 0.9286   | 0.6500  | 18 |  3
20              | 70           | 74           | 0.8919    | 0.9429   | 0.8462  |  8 |  4
25              | 87           | 99           | 0.8283    | 0.9425   | 0.7885  | 17 |  5
30              | 111          | 104          | 0.9327    | 0.8739   | 0.8220  |  7 | 14
35              | 120          | 107          | 0.9813    | 0.8750   | 0.8607  |  2 | 15
40              | 124          | 122          | 0.9016    | 0.8871   | 0.8088  | 12 | 14
45              | 143          | 124          | 0.9758    | 0.8462   | 0.8288  |  3 | 22
50              | 154          | 122          | 1.0000    | 0.7922   | 0.7922  |  0 | 32
55              | 154          | 122          | 1.0000    | 0.7922   | 0.7922  |  0 | 32
60              | 158          | 156          | 1.0000    | 0.9873   | 0.9873  |  0 |  2

Testing thresholds for node: clab-nebula-serf65
-----------------------------------------------
Threshold (ms)  | Ground Truth | Nodes Found  | Precision | Recall   | Jaccard | FP | FN
----------------------------------------------------------------------------------------
5               | 0            | 0            | 1.0000    | 1.0000   | 1.0000  |  0 |  0
9               | 0            | 0            | 1.0000    | 1.0000   | 1.0000  |  0 |  0
10              | 0            | 0            | 1.0000    | 1.0000   | 1.0000  |  0 |  0
15              | 0            | 0            | 1.0000    | 1.0000   | 1.0000  |  0 |  0
20              | 23           | 40           | 0.4000    | 0.6957   | 0.3404  | 24 |  7
25              | 62           | 78           | 0.7179    | 0.9032   | 0.6667  | 22 |  6
30              | 95           | 98           | 0.8878    | 0.9158   | 0.8208  | 11 |  8
35              | 115          | 107          | 0.9533    | 0.8870   | 0.8500  |  5 | 13
40              | 122          | 120          | 0.9583    | 0.9426   | 0.9055  |  5 |  7
45              | 126          | 120          | 0.9750    | 0.9286   | 0.9070  |  3 |  9
50              | 152          | 121          | 1.0000    | 0.7961   | 0.7961  |  0 | 31
55              | 154          | 121          | 1.0000    | 0.7857   | 0.7857  |  0 | 33
60              | 155          | 124          | 1.0000    | 0.8000   | 0.8000  |  0 | 31

Testing thresholds for node: clab-nebula-serf70
-----------------------------------------------
Threshold (ms)  | Ground Truth | Nodes Found  | Precision | Recall   | Jaccard | FP | FN
----------------------------------------------------------------------------------------
5               | 3            | 1            | 1.0000    | 0.3333   | 0.3333  |  0 |  2
9               | 13           | 21           | 0.5238    | 0.8462   | 0.4783  | 10 |  2
10              | 19           | 21           | 0.7143    | 0.7895   | 0.6000  |  6 |  4
15              | 36           | 37           | 0.8649    | 0.8889   | 0.7805  |  5 |  4
20              | 66           | 80           | 0.7500    | 0.9091   | 0.6977  | 20 |  6
25              | 87           | 76           | 0.9342    | 0.8161   | 0.7717  |  5 | 16
30              | 110          | 126          | 0.8413    | 0.9636   | 0.8154  | 20 |  4
35              | 119          | 125          | 0.8880    | 0.9328   | 0.8346  | 14 |  8
40              | 124          | 125          | 0.9120    | 0.9194   | 0.8444  | 11 | 10
45              | 147          | 131          | 1.0000    | 0.8912   | 0.8912  |  0 | 16
50              | 154          | 127          | 1.0000    | 0.8247   | 0.8247  |  0 | 27
55              | 158          | 153          | 1.0000    | 0.9684   | 0.9684  |  0 |  5
60              | 161          | 155          | 1.0000    | 0.9627   | 0.9627  |  0 |  6

Testing thresholds for node: clab-nebula-serf75
-----------------------------------------------
Threshold (ms)  | Ground Truth | Nodes Found  | Precision | Recall   | Jaccard | FP | FN
----------------------------------------------------------------------------------------
5               | 0            | 0            | 1.0000    | 1.0000   | 1.0000  |  0 |  0
9               | 4            | 2            | 0.5000    | 0.2500   | 0.2000  |  1 |  3
10              | 7            | 8            | 0.7500    | 0.8571   | 0.6667  |  2 |  1
15              | 26           | 21           | 1.0000    | 0.8077   | 0.8077  |  0 |  5
20              | 41           | 39           | 0.8974    | 0.8537   | 0.7778  |  4 |  6
25              | 76           | 74           | 0.8378    | 0.8158   | 0.7045  | 12 | 14
30              | 100          | 105          | 0.8762    | 0.9200   | 0.8142  | 13 |  8
35              | 115          | 122          | 0.8689    | 0.9217   | 0.8092  | 16 |  9
40              | 122          | 122          | 0.9016    | 0.9016   | 0.8209  | 12 | 12
45              | 135          | 136          | 0.9338    | 0.9407   | 0.8819  |  9 |  8
50              | 154          | 128          | 1.0000    | 0.8312   | 0.8312  |  0 | 26
55              | 155          | 128          | 1.0000    | 0.8258   | 0.8258  |  0 | 27
60              | 158          | 153          | 1.0000    | 0.9684   | 0.9684  |  0 |  5

Testing thresholds for node: clab-nebula-serf80
-----------------------------------------------
Threshold (ms)  | Ground Truth | Nodes Found  | Precision | Recall   | Jaccard | FP | FN
----------------------------------------------------------------------------------------
5               | 0            | 0            | 1.0000    | 1.0000   | 1.0000  |  0 |  0
9               | 7            | 11           | 0.4545    | 0.7143   | 0.3846  |  6 |  2
10              | 14           | 20           | 0.6000    | 0.8571   | 0.5455  |  8 |  2
15              | 32           | 34           | 0.7941    | 0.8438   | 0.6923  |  7 |  5
20              | 55           | 71           | 0.6901    | 0.8909   | 0.6364  | 22 |  6
25              | 84           | 71           | 0.9014    | 0.7619   | 0.7033  |  7 | 20
30              | 110          | 116          | 0.8621    | 0.9091   | 0.7937  | 16 | 10
35              | 120          | 117          | 0.8974    | 0.8750   | 0.7955  | 12 | 15
40              | 127          | 117          | 0.9402    | 0.8661   | 0.8209  |  7 | 17
45              | 152          | 143          | 0.9930    | 0.9342   | 0.9281  |  1 | 10
50              | 154          | 129          | 1.0000    | 0.8377   | 0.8377  |  0 | 25
55              | 156          | 129          | 1.0000    | 0.8269   | 0.8269  |  0 | 27
60              | 159          | 155          | 1.0000    | 0.9748   | 0.9748  |  0 |  4

Testing thresholds for node: clab-nebula-serf85
-----------------------------------------------
Threshold (ms)  | Ground Truth | Nodes Found  | Precision | Recall   | Jaccard | FP | FN
----------------------------------------------------------------------------------------
5               | 0            | 0            | 1.0000    | 1.0000   | 1.0000  |  0 |  0
9               | 3            | 3            | 0.6667    | 0.6667   | 0.5000  |  1 |  1
10              | 4            | 3            | 0.6667    | 0.5000   | 0.4000  |  1 |  2
15              | 19           | 27           | 0.6667    | 0.9474   | 0.6429  |  9 |  1
20              | 35           | 31           | 0.9032    | 0.8000   | 0.7368  |  3 |  7
25              | 57           | 57           | 0.8246    | 0.8246   | 0.7015  | 10 | 10
30              | 82           | 57           | 0.9298    | 0.6463   | 0.6163  |  4 | 29
35              | 111          | 86           | 0.9535    | 0.7387   | 0.7130  |  4 | 29
40              | 119          | 86           | 0.9767    | 0.7059   | 0.6942  |  2 | 35
45              | 134          | 124          | 0.9677    | 0.8955   | 0.8696  |  4 | 14
50              | 149          | 109          | 1.0000    | 0.7315   | 0.7315  |  0 | 40
55              | 154          | 109          | 1.0000    | 0.7078   | 0.7078  |  0 | 45
60              | 157          | 144          | 1.0000    | 0.9172   | 0.9172  |  0 | 13

Testing thresholds for node: clab-nebula-serf90
-----------------------------------------------
Threshold (ms)  | Ground Truth | Nodes Found  | Precision | Recall   | Jaccard | FP | FN
----------------------------------------------------------------------------------------
5               | 2            | 2            | 0.5000    | 0.5000   | 0.3333  |  1 |  1
9               | 6            | 7            | 0.7143    | 0.8333   | 0.6250  |  2 |  1
10              | 9            | 7            | 0.7143    | 0.5556   | 0.4545  |  2 |  4
15              | 30           | 33           | 0.8182    | 0.9000   | 0.7500  |  6 |  3
20              | 49           | 42           | 0.8810    | 0.7551   | 0.6852  |  5 | 12
25              | 78           | 62           | 0.9032    | 0.7179   | 0.6667  |  6 | 22
30              | 101          | 89           | 0.9551    | 0.8416   | 0.8095  |  4 | 16
35              | 119          | 89           | 0.9775    | 0.7311   | 0.7190  |  2 | 32
40              | 122          | 89           | 1.0000    | 0.7295   | 0.7295  |  0 | 33
45              | 137          | 124          | 1.0000    | 0.9051   | 0.9051  |  0 | 13
50              | 154          | 121          | 1.0000    | 0.7857   | 0.7857  |  0 | 33
55              | 155          | 150          | 0.9933    | 0.9613   | 0.9551  |  1 |  6
60              | 159          | 151          | 1.0000    | 0.9497   | 0.9497  |  0 |  8

Testing thresholds for node: clab-nebula-serf95
-----------------------------------------------
Threshold (ms)  | Ground Truth | Nodes Found  | Precision | Recall   | Jaccard | FP | FN
----------------------------------------------------------------------------------------
5               | 0            | 0            | 1.0000    | 1.0000   | 1.0000  |  0 |  0
9               | 7            | 6            | 0.8333    | 0.7143   | 0.6250  |  1 |  2
10              | 10           | 7            | 0.7143    | 0.5000   | 0.4167  |  2 |  5
15              | 30           | 38           | 0.7368    | 0.9333   | 0.7000  | 10 |  2
20              | 50           | 42           | 0.9048    | 0.7600   | 0.7037  |  4 | 12
25              | 80           | 64           | 0.9219    | 0.7375   | 0.6941  |  5 | 21
30              | 104          | 99           | 0.8889    | 0.8462   | 0.7652  | 11 | 16
35              | 119          | 102          | 0.8922    | 0.7647   | 0.7000  | 11 | 28
40              | 124          | 102          | 0.9216    | 0.7581   | 0.7121  |  8 | 30
45              | 142          | 131          | 0.9771    | 0.9014   | 0.8828  |  3 | 14
50              | 154          | 124          | 1.0000    | 0.8052   | 0.8052  |  0 | 30
55              | 154          | 124          | 1.0000    | 0.8052   | 0.8052  |  0 | 30
60              | 159          | 153          | 1.0000    | 0.9623   | 0.9623  |  0 |  6

Testing thresholds for node: clab-nebula-serf100
------------------------------------------------
Threshold (ms)  | Ground Truth | Nodes Found  | Precision | Recall   | Jaccard | FP | FN
----------------------------------------------------------------------------------------
5               | 6            | 5            | 1.0000    | 0.8333   | 0.8333  |  0 |  1
9               | 7            | 6            | 1.0000    | 0.8571   | 0.8571  |  0 |  1
10              | 7            | 6            | 1.0000    | 0.8571   | 0.8571  |  0 |  1
15              | 8            | 8            | 0.8750    | 0.8750   | 0.7778  |  1 |  1
20              | 14           | 11           | 0.7273    | 0.5714   | 0.4706  |  3 |  6
25              | 25           | 18           | 0.8889    | 0.6400   | 0.5926  |  2 |  9
30              | 59           | 36           | 0.8889    | 0.5424   | 0.5079  |  4 | 27
35              | 89           | 69           | 0.9275    | 0.7191   | 0.6809  |  5 | 25
40              | 137          | 81           | 0.9753    | 0.5766   | 0.5683  |  2 | 58
45              | 150          | 136          | 0.9853    | 0.8933   | 0.8816  |  2 | 16
50              | 159          | 143          | 0.9930    | 0.8931   | 0.8875  |  1 | 17
55              | 160          | 143          | 1.0000    | 0.8938   | 0.8938  |  0 | 17
60              | 161          | 143          | 1.0000    | 0.8882   | 0.8882  |  0 | 18

Testing thresholds for node: clab-nebula-serf105
------------------------------------------------
Threshold (ms)  | Ground Truth | Nodes Found  | Precision | Recall   | Jaccard | FP | FN
----------------------------------------------------------------------------------------
5               | 1            | 2            | 0.0000    | 0.0000   | 0.0000  |  2 |  1
9               | 2            | 2            | 0.5000    | 0.5000   | 0.3333  |  1 |  1
10              | 3            | 2            | 1.0000    | 0.6667   | 0.6667  |  0 |  1
15              | 8            | 10           | 0.7000    | 0.8750   | 0.6364  |  3 |  1
20              | 25           | 26           | 0.7308    | 0.7600   | 0.5938  |  7 |  6
25              | 54           | 74           | 0.7027    | 0.9630   | 0.6842  | 22 |  2
30              | 86           | 110          | 0.7364    | 0.9419   | 0.7043  | 29 |  5
35              | 123          | 108          | 0.9444    | 0.8293   | 0.7907  |  6 | 21
40              | 145          | 118          | 1.0000    | 0.8138   | 0.8138  |  0 | 27
45              | 153          | 136          | 1.0000    | 0.8889   | 0.8889  |  0 | 17
50              | 155          | 131          | 1.0000    | 0.8452   | 0.8452  |  0 | 24
55              | 160          | 153          | 1.0000    | 0.9563   | 0.9563  |  0 |  7
60              | 161          | 153          | 1.0000    | 0.9503   | 0.9503  |  0 |  8

Testing thresholds for node: clab-nebula-serf110
------------------------------------------------
Threshold (ms)  | Ground Truth | Nodes Found  | Precision | Recall   | Jaccard | FP | FN
----------------------------------------------------------------------------------------
5               | 0            | 0            | 1.0000    | 1.0000   | 1.0000  |  0 |  0
9               | 0            | 0            | 1.0000    | 1.0000   | 1.0000  |  0 |  0
10              | 0            | 0            | 1.0000    | 1.0000   | 1.0000  |  0 |  0
15              | 2            | 0            | nan       | 0.0000   | 0.0000  |  0 |  2
20              | 7            | 4            | 0.7500    | 0.4286   | 0.3750  |  1 |  4
25              | 15           | 12           | 0.7500    | 0.6000   | 0.5000  |  3 |  6
30              | 37           | 23           | 0.8696    | 0.5405   | 0.5000  |  3 | 17
35              | 69           | 93           | 0.6882    | 0.9275   | 0.6531  | 29 |  5
40              | 107          | 109          | 0.8532    | 0.8692   | 0.7561  | 16 | 14
45              | 143          | 113          | 1.0000    | 0.7902   | 0.7902  |  0 | 30
50              | 148          | 134          | 0.9925    | 0.8986   | 0.8926  |  1 | 15
55              | 154          | 134          | 1.0000    | 0.8701   | 0.8701  |  0 | 20
60              | 157          | 151          | 1.0000    | 0.9618   | 0.9618  |  0 |  6

Testing thresholds for node: clab-nebula-serf115
------------------------------------------------
Threshold (ms)  | Ground Truth | Nodes Found  | Precision | Recall   | Jaccard | FP | FN
----------------------------------------------------------------------------------------
5               | 0            | 0            | 1.0000    | 1.0000   | 1.0000  |  0 |  0
9               | 0            | 0            | 1.0000    | 1.0000   | 1.0000  |  0 |  0
10              | 0            | 0            | 1.0000    | 1.0000   | 1.0000  |  0 |  0
15              | 0            | 0            | 1.0000    | 1.0000   | 1.0000  |  0 |  0
20              | 0            | 0            | 1.0000    | 1.0000   | 1.0000  |  0 |  0
25              | 0            | 0            | 1.0000    | 1.0000   | 1.0000  |  0 |  0
30              | 0            | 0            | 1.0000    | 1.0000   | 1.0000  |  0 |  0
35              | 1            | 0            | nan       | 0.0000   | 0.0000  |  0 |  1
40              | 3            | 1            | 1.0000    | 0.3333   | 0.3333  |  0 |  2
45              | 6            | 1            | 1.0000    | 0.1667   | 0.1667  |  0 |  5
50              | 23           | 5            | 0.8000    | 0.1739   | 0.1667  |  1 | 19
55              | 57           | 18           | 0.9444    | 0.2982   | 0.2931  |  1 | 40
60              | 103          | 18           | 1.0000    | 0.1748   | 0.1748  |  0 | 85

Testing thresholds for node: clab-nebula-serf120
------------------------------------------------
Threshold (ms)  | Ground Truth | Nodes Found  | Precision | Recall   | Jaccard | FP | FN
----------------------------------------------------------------------------------------
5               | 2            | 0            | nan       | 0.0000   | 0.0000  |  0 |  2
9               | 2            | 0            | nan       | 0.0000   | 0.0000  |  0 |  2
10              | 2            | 0            | nan       | 0.0000   | 0.0000  |  0 |  2
15              | 2            | 0            | nan       | 0.0000   | 0.0000  |  0 |  2
20              | 2            | 0            | nan       | 0.0000   | 0.0000  |  0 |  2
25              | 2            | 0            | nan       | 0.0000   | 0.0000  |  0 |  2
30              | 3            | 2            | 1.0000    | 0.6667   | 0.6667  |  0 |  1
35              | 3            | 2            | 1.0000    | 0.6667   | 0.6667  |  0 |  1
40              | 3            | 2            | 1.0000    | 0.6667   | 0.6667  |  0 |  1
45              | 5            | 3            | 1.0000    | 0.6000   | 0.6000  |  0 |  2
50              | 14           | 5            | 1.0000    | 0.3571   | 0.3571  |  0 |  9
55              | 24           | 5            | 1.0000    | 0.2083   | 0.2083  |  0 | 19
60              | 48           | 5            | 1.0000    | 0.1042   | 0.1042  |  0 | 43

Testing thresholds for node: clab-nebula-serf125
------------------------------------------------
Threshold (ms)  | Ground Truth | Nodes Found  | Precision | Recall   | Jaccard | FP | FN
----------------------------------------------------------------------------------------
5               | 0            | 0            | 1.0000    | 1.0000   | 1.0000  |  0 |  0
9               | 3            | 2            | 1.0000    | 0.6667   | 0.6667  |  0 |  1
10              | 3            | 2            | 1.0000    | 0.6667   | 0.6667  |  0 |  1
15              | 12           | 22           | 0.3636    | 0.6667   | 0.3077  | 14 |  4
20              | 45           | 44           | 0.8636    | 0.8444   | 0.7451  |  6 |  7
25              | 58           | 77           | 0.7273    | 0.9655   | 0.7089  | 21 |  2
30              | 84           | 77           | 0.9221    | 0.8452   | 0.7889  |  6 | 13
35              | 112          | 62           | 0.9839    | 0.5446   | 0.5398  |  1 | 51
40              | 137          | 78           | 0.9872    | 0.5620   | 0.5580  |  1 | 60
45              | 146          | 126          | 1.0000    | 0.8630   | 0.8630  |  0 | 20
50              | 155          | 126          | 1.0000    | 0.8129   | 0.8129  |  0 | 29
55              | 161          | 144          | 1.0000    | 0.8944   | 0.8944  |  0 | 17
60              | 161          | 144          | 1.0000    | 0.8944   | 0.8944  |  0 | 17

Testing thresholds for node: clab-nebula-serf130
------------------------------------------------
Threshold (ms)  | Ground Truth | Nodes Found  | Precision | Recall   | Jaccard | FP | FN
----------------------------------------------------------------------------------------
5               | 0            | 0            | 1.0000    | 1.0000   | 1.0000  |  0 |  0
9               | 0            | 0            | 1.0000    | 1.0000   | 1.0000  |  0 |  0
10              | 0            | 0            | 1.0000    | 1.0000   | 1.0000  |  0 |  0
15              | 0            | 0            | 1.0000    | 1.0000   | 1.0000  |  0 |  0
20              | 13           | 11           | 0.9091    | 0.7692   | 0.7143  |  1 |  3
25              | 14           | 11           | 1.0000    | 0.7857   | 0.7857  |  0 |  3
30              | 24           | 20           | 0.8000    | 0.6667   | 0.5714  |  4 |  8
35              | 41           | 19           | 1.0000    | 0.4634   | 0.4634  |  0 | 22
40              | 53           | 45           | 0.9333    | 0.7925   | 0.7500  |  3 | 11
45              | 84           | 89           | 0.8090    | 0.8571   | 0.7129  | 17 | 12
50              | 111          | 85           | 0.9647    | 0.7387   | 0.7193  |  3 | 29
55              | 136          | 102          | 0.9804    | 0.7353   | 0.7246  |  2 | 36
60              | 146          | 130          | 1.0000    | 0.8904   | 0.8904  |  0 | 16

Testing thresholds for node: clab-nebula-serf135
------------------------------------------------
Threshold (ms)  | Ground Truth | Nodes Found  | Precision | Recall   | Jaccard | FP | FN
----------------------------------------------------------------------------------------
5               | 0            | 0            | 1.0000    | 1.0000   | 1.0000  |  0 |  0
9               | 0            | 0            | 1.0000    | 1.0000   | 1.0000  |  0 |  0
10              | 0            | 0            | 1.0000    | 1.0000   | 1.0000  |  0 |  0
15              | 1            | 0            | nan       | 0.0000   | 0.0000  |  0 |  1
20              | 14           | 11           | 1.0000    | 0.7857   | 0.7857  |  0 |  3
25              | 15           | 14           | 1.0000    | 0.9333   | 0.9333  |  0 |  1
30              | 25           | 17           | 0.9412    | 0.6400   | 0.6154  |  1 |  9
35              | 42           | 14           | 1.0000    | 0.3333   | 0.3333  |  0 | 28
40              | 54           | 56           | 0.7500    | 0.7778   | 0.6176  | 14 | 12
45              | 91           | 99           | 0.7778    | 0.8462   | 0.6814  | 22 | 14
50              | 112          | 89           | 0.9551    | 0.7589   | 0.7328  |  4 | 27
55              | 137          | 102          | 0.9804    | 0.7299   | 0.7194  |  2 | 37
60              | 146          | 131          | 1.0000    | 0.8973   | 0.8973  |  0 | 15

Testing thresholds for node: clab-nebula-serf140
------------------------------------------------
Threshold (ms)  | Ground Truth | Nodes Found  | Precision | Recall   | Jaccard | FP | FN
----------------------------------------------------------------------------------------
5               | 0            | 0            | 1.0000    | 1.0000   | 1.0000  |  0 |  0
9               | 0            | 0            | 1.0000    | 1.0000   | 1.0000  |  0 |  0
10              | 0            | 0            | 1.0000    | 1.0000   | 1.0000  |  0 |  0
15              | 0            | 0            | 1.0000    | 1.0000   | 1.0000  |  0 |  0
20              | 13           | 11           | 0.9091    | 0.7692   | 0.7143  |  1 |  3
25              | 14           | 11           | 1.0000    | 0.7857   | 0.7857  |  0 |  3
30              | 25           | 20           | 0.8000    | 0.6400   | 0.5517  |  4 |  9
35              | 39           | 17           | 0.9412    | 0.4103   | 0.4000  |  1 | 23
40              | 52           | 40           | 0.9500    | 0.7308   | 0.7037  |  2 | 14
45              | 82           | 86           | 0.8256    | 0.8659   | 0.7320  | 15 | 11
50              | 108          | 76           | 0.9605    | 0.6759   | 0.6577  |  3 | 35
55              | 136          | 102          | 0.9804    | 0.7353   | 0.7246  |  2 | 36
60              | 145          | 130          | 0.9923    | 0.8897   | 0.8836  |  1 | 16

Testing thresholds for node: clab-nebula-serf145
------------------------------------------------
Threshold (ms)  | Ground Truth | Nodes Found  | Precision | Recall   | Jaccard | FP | FN
----------------------------------------------------------------------------------------
5               | 0            | 0            | 1.0000    | 1.0000   | 1.0000  |  0 |  0
9               | 0            | 0            | 1.0000    | 1.0000   | 1.0000  |  0 |  0
10              | 0            | 0            | 1.0000    | 1.0000   | 1.0000  |  0 |  0
15              | 1            | 0            | nan       | 0.0000   | 0.0000  |  0 |  1
20              | 5            | 4            | 0.5000    | 0.4000   | 0.2857  |  2 |  3
25              | 7            | 4            | 1.0000    | 0.5714   | 0.5714  |  0 |  3
30              | 15           | 17           | 0.4706    | 0.5333   | 0.3333  |  9 |  7
35              | 37           | 27           | 0.8889    | 0.6486   | 0.6000  |  3 | 13
40              | 56           | 33           | 1.0000    | 0.5893   | 0.5893  |  0 | 23
45              | 66           | 34           | 1.0000    | 0.5152   | 0.5152  |  0 | 32
50              | 104          | 52           | 0.9615    | 0.4808   | 0.4717  |  2 | 54
55              | 130          | 65           | 0.9692    | 0.4846   | 0.4773  |  2 | 67
60              | 145          | 65           | 1.0000    | 0.4483   | 0.4483  |  0 | 80

Testing thresholds for node: clab-nebula-serf150
------------------------------------------------
Threshold (ms)  | Ground Truth | Nodes Found  | Precision | Recall   | Jaccard | FP | FN
----------------------------------------------------------------------------------------
5               | 0            | 0            | 1.0000    | 1.0000   | 1.0000  |  0 |  0
9               | 0            | 0            | 1.0000    | 1.0000   | 1.0000  |  0 |  0
10              | 0            | 0            | 1.0000    | 1.0000   | 1.0000  |  0 |  0
15              | 1            | 1            | 0.0000    | 0.0000   | 0.0000  |  1 |  1
20              | 9            | 9            | 0.6667    | 0.6667   | 0.5000  |  3 |  3
25              | 17           | 9            | 1.0000    | 0.5294   | 0.5294  |  0 |  8
30              | 23           | 14           | 1.0000    | 0.6087   | 0.6087  |  0 |  9
35              | 42           | 16           | 0.9375    | 0.3571   | 0.3488  |  1 | 27
40              | 54           | 36           | 0.9722    | 0.6481   | 0.6364  |  1 | 19
45              | 79           | 51           | 0.9804    | 0.6329   | 0.6250  |  1 | 29
50              | 117          | 51           | 0.9804    | 0.4274   | 0.4237  |  1 | 67
55              | 141          | 68           | 0.9853    | 0.4752   | 0.4718  |  1 | 74
60              | 152          | 84           | 1.0000    | 0.5526   | 0.5526  |  0 | 68

Testing thresholds for node: clab-nebula-serf155
------------------------------------------------
Threshold (ms)  | Ground Truth | Nodes Found  | Precision | Recall   | Jaccard | FP | FN
----------------------------------------------------------------------------------------
5               | 0            | 0            | 1.0000    | 1.0000   | 1.0000  |  0 |  0
9               | 0            | 0            | 1.0000    | 1.0000   | 1.0000  |  0 |  0
10              | 0            | 0            | 1.0000    | 1.0000   | 1.0000  |  0 |  0
15              | 1            | 4            | 0.0000    | 0.0000   | 0.0000  |  4 |  1
20              | 11           | 9            | 0.8889    | 0.7273   | 0.6667  |  1 |  3
25              | 14           | 12           | 1.0000    | 0.8571   | 0.8571  |  0 |  2
30              | 24           | 18           | 1.0000    | 0.7500   | 0.7500  |  0 |  6
35              | 43           | 30           | 0.8667    | 0.6047   | 0.5532  |  4 | 17
40              | 56           | 51           | 0.9412    | 0.8571   | 0.8136  |  3 |  8
45              | 82           | 51           | 0.9804    | 0.6098   | 0.6024  |  1 | 32
50              | 117          | 51           | 0.9804    | 0.4274   | 0.4237  |  1 | 67
55              | 137          | 78           | 0.9872    | 0.5620   | 0.5580  |  1 | 60
60              | 150          | 105          | 1.0000    | 0.7000   | 0.7000  |  0 | 45

Testing thresholds for node: clab-nebula-serf160
------------------------------------------------
Threshold (ms)  | Ground Truth | Nodes Found  | Precision | Recall   | Jaccard | FP | FN
----------------------------------------------------------------------------------------
5               | 4            | 3            | 1.0000    | 0.7500   | 0.7500  |  0 |  1
9               | 4            | 3            | 1.0000    | 0.7500   | 0.7500  |  0 |  1
10              | 4            | 3            | 1.0000    | 0.7500   | 0.7500  |  0 |  1
15              | 5            | 4            | 1.0000    | 0.8000   | 0.8000  |  0 |  1
20              | 10           | 14           | 0.4286    | 0.6000   | 0.3333  |  8 |  4
25              | 25           | 14           | 0.7857    | 0.4400   | 0.3929  |  3 | 14
30              | 37           | 30           | 1.0000    | 0.8108   | 0.8108  |  0 |  7
35              | 43           | 30           | 1.0000    | 0.6977   | 0.6977  |  0 | 13
40              | 58           | 40           | 1.0000    | 0.6897   | 0.6897  |  0 | 18
45              | 82           | 62           | 0.9355    | 0.7073   | 0.6744  |  4 | 24
50              | 118          | 98           | 0.9286    | 0.7712   | 0.7280  |  7 | 27
55              | 139          | 105          | 0.9714    | 0.7338   | 0.7183  |  3 | 37
60              | 149          | 108          | 1.0000    | 0.7248   | 0.7248  |  0 | 41

